Train MSE,Val MSE,Time (seconds)
30923.939453125,33518.30078125,0.6372137069702148
30889.53515625,33480.72265625,0.6703298091888428
30860.80078125,33450.1015625,0.6883101463317871
30852.23046875,33440.89453125,0.6652231216430664
30839.224609375,33426.87890625,0.5956566333770752
30824.576171875,33410.94921875,0.5916519165039062
30806.58203125,33391.37890625,0.5929875373840332
30784.517578125,33367.24609375,0.5727424621582031
30759.076171875,33339.87109375,0.5887420177459717
30729.380859375,33307.91015625,0.5929062366485596
30702.26953125,33278.75390625,0.5928254127502441
30676.357421875,33250.98046875,0.6065194606781006
30620.09765625,33189.5859375,0.6438217163085938
30540.34765625,33102.2265625,0.6147918701171875
30477.08203125,33032.11328125,0.6107215881347656
30455.875,33008.87109375,0.6233112812042236
30455.271484375,33008.42578125,0.6140098571777344
30453.7578125,33006.8671875,0.5915966033935547
30414.994140625,32965.87890625,0.585660457611084
30294.529296875,32832.41796875,0.5901918411254883
30153.142578125,32675.404296875,0.6366188526153564
29900.318359375,32399.7578125,0.5901038646697998
29688.787109375,32169.126953125,0.609968900680542
29532.66015625,31994.69921875,0.6400468349456787
29372.923828125,31817.50390625,0.6222846508026123
29209.44140625,31635.130859375,0.6202845573425293
29089.166015625,31501.1640625,0.6108710765838623
29044.791015625,31451.912109375,0.6000895500183105
28996.810546875,31400.298828125,0.6000821590423584
28961.4765625,31360.50390625,0.6263823509216309
29042.548828125,31445.2734375,0.639232873916626
29025.2109375,31426.78125,0.6229095458984375
28996.376953125,31398.16015625,0.6157519817352295
28959.125,31354.37109375,0.6127665042877197
29062.62890625,31464.826171875,0.6430263519287109
29042.53515625,31442.599609375,0.6251838207244873
28992.306640625,31387.7421875,0.6447947025299072
29114.056640625,31519.244140625,0.5880916118621826
29247.927734375,31648.869140625,0.5963897705078125
29264.916015625,31661.490234375,0.6006193161010742
29188.15625,31574.2109375,0.610253095626831
29153.103515625,31532.626953125,0.6331942081451416
29090.376953125,31462.486328125,0.5903878211975098
29010.431640625,31370.470703125,0.6481516361236572
28968.31640625,31321.75,0.6108765602111816
29004.826171875,31371.099609375,0.6356034278869629
29047.169921875,31421.1640625,0.6025323867797852
29051.361328125,31425.228515625,0.6287808418273926
28983.158203125,31349.029296875,0.5934133529663086
28908.158203125,31265.1640625,0.6004846096038818
29014.10546875,31372.951171875,0.6127901077270508
29071.9296875,31440.544921875,0.6299052238464355
29038.806640625,31403.583984375,0.6188681125640869
28932.388671875,31286.4140625,0.6474990844726562
28788.185546875,31130.064453125,0.6869344711303711
28629.51171875,30955.16796875,0.6110849380493164
28482.458984375,30785.154296875,0.6500682830810547
28330.958984375,30617.587890625,0.6599857807159424
28184.451171875,30451.103515625,0.6519210338592529
28069.244140625,30318.16015625,0.6543240547180176
27970.267578125,30200.349609375,0.6212613582611084
27850.017578125,30063.28125,0.6537644863128662
27740.8359375,29936.34375,0.6904239654541016
27622.974609375,29801.978515625,0.6245927810668945
27495.384765625,29658.001953125,0.6610708236694336
27357.396484375,29503.478515625,2.779921293258667
27223.2578125,29353.861328125,1.4594533443450928
27080.361328125,29198.5,1.163954734802246
26965.47265625,29073.82421875,1.1579504013061523
26844.580078125,28935.048828125,1.2097282409667969
26754.861328125,28832.9921875,1.2385494709014893
26740.943359375,28815.7421875,1.1682827472686768
26751.25390625,28826.798828125,1.0502464771270752
26761.986328125,28837.61328125,1.060258150100708
26765.693359375,28842.3515625,1.042701244354248
26760.685546875,28837.9921875,1.1315209865570068
26747.0546875,28819.6875,1.388770580291748
26745.548828125,28814.373046875,1.2232646942138672
26751.09375,28820.04296875,1.2501440048217773
26759.83203125,28828.83984375,1.1601674556732178
26777.12109375,28847.82421875,1.0680210590362549
26789.8203125,28858.166015625,1.0635666847229004
26795.20703125,28861.09375,0.921241044998169
26808.8203125,28873.232421875,3.352036237716675
26820.45703125,28884.03515625,1.3472874164581299
26839.96875,28897.646484375,1.3251729011535645
27108.529296875,29215.419921875,1.197145938873291
26928.31640625,29045.4609375,1.1770060062408447
26618.642578125,28722.5859375,1.1953275203704834
26490.86328125,28584.548828125,1.0670042037963867
26489.7265625,28582.025390625,1.14827299118042
26598.59375,28694.61328125,1.1667766571044922
26685.931640625,28789.876953125,1.1536555290222168
26759.916015625,28873.400390625,1.158519983291626
26827.88671875,28945.482421875,1.0785036087036133
26835.06640625,28952.794921875,1.0673506259918213
26821.103515625,28937.439453125,1.1618809700012207
26812.3515625,28928.73046875,0.976327657699585
26826.123046875,28944.755859375,1.0269930362701416
26843.810546875,28964.482421875,1.0984165668487549
